,City,Latitude,Temp,Cloudiness,Humidity,Wind Speed,Date
0,salalah,17.0151,304.18,73,64,5.18,1655276226
1,makakilo city,21.3469,298.33,20,64,5.14,1655275973
2,thompson,55.7435,288.24,100,100,3.09,1655276227
3,tibiri,13.5627,298.34,0,78,0.0,1655276227
4,ribeira grande,38.5167,291.37,75,100,4.63,1655275984
5,lorengau,-2.0226,302.17,35,69,4.03,1655276228
6,yellowknife,62.456,290.44,20,63,2.06,1655276229
7,cassilandia,-19.1133,288.24,32,72,0.6,1655276229
8,huarmey,-10.0681,289.3,52,86,3.61,1655275978
9,victoria,22.2855,304.4,100,80,4.47,1655275970
10,rikitea,-23.1203,296.07,61,69,3.26,1655276230
11,sitka,57.0531,282.49,66,86,0.83,1655276231
12,hermanus,-34.4187,280.82,47,68,3.24,1655276231
13,cabedelo,-6.9811,294.52,100,69,4.69,1655276232
14,punta arenas,-53.15,277.21,0,81,6.17,1655276233
15,albany,42.6001,289.67,6,84,1.64,1655276233
16,gambela,8.25,298.55,100,74,1.58,1655276233
17,kargopol,61.5071,288.22,100,98,3.21,1655276234
18,upernavik,72.7868,268.21,32,80,2.81,1655276036
19,nemuro,43.3236,285.31,100,84,8.0,1655276154
20,port lincoln,-34.7333,288.85,5,72,7.51,1655276235
21,sao joao da barra,-21.6403,289.43,89,83,3.0,1655276236
22,nikolskoye,59.7035,289.19,54,63,1.52,1655276236
23,karuzi,-3.125,294.45,2,63,0.94,1655276237
24,humaita,-7.5061,293.94,5,97,0.21,1655275961
25,port hardy,50.6996,283.15,75,93,1.03,1655276239
26,rawson,-43.3002,280.86,44,82,2.81,1655276239
27,yichun,47.7,296.1,100,54,0.79,1655276239
28,kahului,20.8947,298.62,1,83,4.47,1655276240
29,butaritari,3.0707,301.12,99,69,5.48,1655276240
30,seymchan,62.8833,289.61,96,48,2.37,1655276241
31,keti bandar,24.1447,304.49,6,68,8.3,1655276241
32,saldanha,-33.0117,285.28,6,71,3.82,1655275974
33,esperance,-33.8667,291.92,0,51,4.72,1655276242
34,touros,-5.1989,295.42,29,83,4.17,1655276242
35,saint george,37.1041,298.48,0,12,1.54,1655275950
36,champerico,14.3,298.07,100,86,1.72,1655276243
37,boditi,6.9667,291.2,36,73,3.18,1655275946
38,coahuayana,18.7333,300.17,100,80,0.51,1655276244
39,kungurtug,50.5994,299.04,100,39,3.3,1655276245
40,port blair,11.6667,304.17,75,70,4.63,1655276213
41,east london,-33.0153,285.67,0,66,5.66,1655276245
42,port elizabeth,-33.918,284.32,40,84,8.23,1655276246
43,narsaq,60.9167,277.22,100,76,1.78,1655276248
44,san carlos del zulia,9.0,296.73,100,93,2.12,1655276025
45,tokur,53.1333,289.58,100,86,2.63,1655276250
46,pisco,-13.7,289.18,100,72,1.03,1655276250
47,atar,20.5169,305.43,99,35,0.64,1655276018
48,aljezur,37.3191,292.88,97,82,1.29,1655276251
49,soledade,-28.8183,279.02,0,92,2.22,1655276251
50,mandalgovi,45.7625,299.61,36,24,2.95,1655276018
51,dire,12.2833,298.38,100,86,0.84,1655276252
52,osorno,-40.5667,277.18,100,100,1.54,1655276253
53,atasu,48.6814,295.66,0,34,6.0,1655276253
54,sao felix do xingu,-6.6447,293.23,12,99,0.44,1655275969
55,new norfolk,-42.7826,282.87,100,86,0.47,1655276254
56,jocotan,14.8167,294.7,100,98,1.09,1655276254
57,chuy,-33.6971,282.62,5,92,1.91,1655275985
58,samana,19.2056,297.27,52,89,1.81,1655276256
59,north bend,43.4065,283.63,22,98,2.86,1655276257
60,luderitz,-26.6481,286.25,0,67,4.35,1655276018
61,necochea,-38.5473,282.59,100,65,3.33,1655276257
62,cidreira,-30.1811,286.88,2,91,3.11,1655276258
63,kapaa,22.0752,297.1,13,87,5.79,1655276258
64,kavieng,-2.5744,302.1,27,70,4.71,1655276259
65,hamilton,39.1834,300.37,7,86,0.45,1655276259
66,shingu,33.7333,294.9,100,87,2.94,1655276260
67,ambon,-3.6954,301.23,20,78,0.51,1655276066
68,bredasdorp,-34.5322,282.47,21,82,2.69,1655275961
69,hovd,48.0056,300.99,76,20,4.7,1655276261
70,cape town,-33.9258,283.1,40,92,2.57,1655276175
71,sai buri,6.7013,304.99,99,62,2.64,1655276262
72,busselton,-33.65,291.47,100,65,7.3,1655276263
73,saint-philippe,-21.3585,298.92,35,74,6.29,1655276263
74,ushuaia,-54.8,276.96,40,70,3.09,1655276264
75,san patricio,28.017,302.08,100,82,7.77,1655276265
76,verdun,49.25,294.49,0,66,2.11,1655276265
77,aklavik,68.2191,283.32,7,52,4.17,1655276266
78,lompoc,34.6391,286.45,0,89,0.0,1655276266
79,comodoro rivadavia,-45.8667,273.07,0,93,1.54,1655276212
80,puerto berrio,6.4916,295.36,100,99,0.45,1655275968
81,mar del plata,-38.0023,281.53,100,92,2.06,1655275985
82,tuktoyaktuk,69.4541,275.64,89,76,5.04,1655276269
83,hobart,-42.8794,283.07,75,92,2.57,1655276146
84,tuatapere,-46.1333,279.67,100,91,2.68,1655276272
85,barrow,71.2906,276.08,100,80,4.95,1655276272
86,kroya,-7.6331,301.89,100,73,2.35,1655276273
87,mataura,-46.1927,280.64,100,95,2.88,1655276273
88,piriyapatna,12.3397,300.43,100,60,2.78,1655276273
89,nanortalik,60.1432,277.11,100,82,5.44,1655276274
90,asau,46.4333,290.66,87,62,1.25,1655276275
91,fortuna,40.5982,285.18,40,91,3.09,1655276275
92,paranaiba,-19.6772,289.72,64,53,0.02,1655276277
93,provideniya,64.3833,276.76,100,81,2.22,1655276278
94,tabuk,17.4189,304.69,78,66,1.74,1655276278
95,san cristobal,7.7669,291.17,99,98,1.6,1655276279
96,progreso,21.2833,299.88,55,78,4.06,1655276279
97,vaini,-21.2,296.24,75,88,2.06,1655276280
98,iskateley,67.6803,285.36,35,56,4.78,1655276280
99,hilo,19.7297,297.0,100,73,0.0,1655276280
100,castro,-24.7911,281.06,100,94,1.81,1655276281
101,avarua,-21.2078,297.18,20,83,2.57,1655276281
102,uyuni,-20.4597,272.54,0,19,2.44,1655276282
103,mehamn,71.0357,279.1,100,85,4.29,1655276282
104,sezemice,50.0665,292.01,0,74,1.54,1655276283
105,karasjok,69.4719,280.58,100,72,5.04,1655276284
106,georgetown,5.4112,304.12,40,70,4.12,1655276121
107,leningradskiy,69.3833,274.5,100,89,6.61,1655276284
108,san quintin,30.4833,288.81,1,90,1.25,1655276285
109,vanavara,60.34,300.85,66,34,1.37,1655276285
110,arauca,7.0847,293.14,71,91,1.49,1655276286
111,isiro,2.7739,298.23,100,66,1.34,1655276286
112,souillac,-20.5167,297.36,40,73,7.2,1655276287
113,kanker,20.2719,309.42,57,39,2.9,1655276287
114,devils lake,48.1128,287.21,0,85,4.57,1655276287
115,moose factory,51.2585,289.15,75,88,3.6,1655276288
116,uttarkashi,30.7333,310.37,0,14,3.32,1655276288
117,tasiilaq,65.6145,276.06,100,97,8.22,1655276289
118,kodiak,57.79,282.88,100,87,4.63,1655276289
119,port alfred,-33.5906,286.58,45,59,3.58,1655276290
120,ilulissat,69.2167,269.71,88,81,2.26,1655276290
121,bambanglipuro,-7.95,302.12,83,74,4.7,1655276290
122,jieshou,33.2634,312.46,50,18,6.2,1655276291
123,ariquemes,-9.9133,292.36,7,93,0.12,1655276291
124,pundaguitan,6.3711,302.44,12,68,5.18,1655276292
125,bluff,-46.6,280.82,100,70,8.7,1655276292
126,atuona,-9.8,298.64,36,75,9.67,1655276293
127,bethel,41.3712,292.0,33,89,2.06,1655276293
128,dolores,-36.3132,281.24,100,81,1.6,1655276293
129,qaanaaq,77.484,269.81,99,77,2.24,1655276294
130,council bluffs,41.2619,294.53,100,95,7.72,1655276294
131,kaitangata,-46.2817,279.71,94,86,5.09,1655276295
132,mapimi,25.8167,297.77,44,37,1.31,1655276295
133,lagoa,39.05,291.27,100,91,6.17,1655276296
134,naze,28.3667,297.66,100,81,4.65,1655276076
135,carnarvon,-24.8667,295.13,100,71,0.99,1655276162
136,cabo san lucas,22.8909,302.38,2,64,1.34,1655276298
137,djambala,-2.5447,296.92,0,57,1.78,1655276299
138,praya,14.9215,296.45,75,83,5.66,1655276300
139,santa helena de goias,-17.8136,292.91,85,43,1.24,1655276300
140,arraial do cabo,-22.9661,292.84,100,60,1.81,1655276300
141,panguipulli,-39.6333,280.2,100,99,0.99,1655276301
142,khatanga,71.9667,289.82,9,32,4.67,1655276301
143,atherton,53.5237,288.31,100,79,0.59,1655276302
144,bathsheba,13.2167,300.49,75,83,9.26,1655276302
145,taoudenni,22.6783,305.18,0,13,3.73,1655276303
146,saint-augustin,51.226,281.4,0,75,1.92,1655276304
147,haines junction,60.7522,284.12,88,62,1.54,1655276304
148,asosa,10.0667,294.69,100,71,1.36,1655276305
149,vila velha,-20.3297,292.56,0,77,1.03,1655276305
150,ossora,59.2353,286.18,7,62,4.56,1655276306
151,barranca,-10.75,289.33,91,80,3.14,1655276056
152,saint-francois,46.4154,295.19,0,68,1.54,1655276307
153,bonthe,7.5264,298.45,89,82,3.43,1655276307
154,sadao,6.6388,303.46,96,58,2.5,1655276308
155,srandakan,-7.9386,302.09,87,75,4.96,1655276308
156,husavik,66.0449,282.81,100,81,0.4,1655276309
157,namibe,-15.1961,292.79,0,57,0.93,1655276309
158,ponta do sol,32.6667,291.88,36,81,6.24,1655276309
159,forestville,38.8451,294.4,0,94,1.04,1655276310
160,sao filipe,14.8961,296.09,100,83,4.73,1655276310
161,esna,25.2934,305.16,0,22,6.1,1655276311
162,airai,-8.9266,293.62,57,67,1.94,1655276311
163,salvador,13.8333,293.73,100,98,1.1,1655276312
164,zaria,11.1113,297.79,7,76,4.78,1655276019
165,caravelas,-17.7125,295.27,72,58,4.04,1655276313
166,dudinka,69.4058,299.05,58,30,4.56,1655276313
167,antri,26.0567,314.35,35,25,5.44,1655276314
168,faanui,-16.4833,300.21,55,73,10.45,1655276314
169,cherskiy,68.75,294.12,0,22,4.44,1655276314
170,harindanga,22.0383,307.72,95,54,9.13,1655276315
171,kavaratti,10.5669,300.99,100,78,8.13,1655276315
172,huesca,42.1362,302.1,0,56,1.54,1655276316
173,patos,-7.0244,294.62,37,85,2.73,1655276316
174,cheney,47.4874,285.24,56,77,5.97,1655276317
175,le port,-20.9373,299.15,7,59,3.07,1655276317
176,erzin,36.9559,297.66,24,66,2.22,1655276317
177,namwala,-15.7504,292.25,0,42,1.1,1655276318
178,havoysund,70.9963,278.28,99,81,4.24,1655276318
179,horta,38.5333,290.95,75,100,4.63,1655276319
180,ca mau,9.1769,304.54,100,63,2.47,1655276277
181,itainopolis,-7.4469,295.29,0,79,3.71,1655276320
182,asfi,32.2994,293.77,100,91,3.01,1655276320
183,ancud,-41.8697,282.16,45,91,1.26,1655276321
184,jamestown,42.097,290.66,0,85,0.89,1655276321
185,tautira,-17.7333,299.53,100,73,9.21,1655276322
186,pangnirtung,66.1451,274.11,100,91,0.72,1655276322
187,tornio,65.8481,289.16,74,67,2.0,1655276323
188,luanda,-8.8368,292.15,20,94,2.06,1655276190
189,torbay,47.6666,279.48,100,87,4.92,1655276324
190,vostok,46.4856,297.73,97,27,3.28,1655276324
191,parral,26.9333,293.53,100,57,4.3,1655276324
192,avera,33.194,297.25,9,80,2.28,1655276325
193,ola,59.5833,284.9,100,80,2.82,1655276326
194,tabou,4.423,297.45,100,90,3.67,1655276326
195,mercedes,-34.6515,279.18,100,89,2.63,1655276327
196,redmond,47.674,286.25,79,88,0.86,1655276327
197,chara,56.9064,294.89,42,27,0.73,1655276327
198,havelange,50.3833,293.81,6,61,1.73,1655276328
199,tual,-5.6667,299.6,100,86,9.09,1655276328
200,melo,-32.3667,281.2,0,89,2.08,1655276329
201,yulara,-25.2406,296.23,8,27,1.59,1655276329
202,wanning,18.8003,304.5,100,68,6.37,1655276329
203,deputatskiy,69.3,292.87,16,24,5.82,1655276330
204,luba,3.4568,297.09,100,81,2.04,1655276330
205,oranjemund,-28.55,285.98,1,81,1.74,1655276331
206,sioux lookout,50.1001,290.19,100,94,2.06,1655276331
207,nuuk,64.1835,276.97,27,60,8.05,1655276332
208,hithadhoo,-0.6,301.44,100,72,3.25,1655276333
209,komsomolskiy,40.4272,305.55,5,23,3.09,1655276333
210,aitape,-3.1374,302.27,45,73,3.71,1655276334
211,warmbad,-28.45,280.58,4,90,1.34,1655276334
212,marataizes,-21.0433,289.5,51,83,3.47,1655276335
213,bogoslovka,53.2084,296.45,1,53,6.0,1655276336
214,tahoua,14.8888,300.14,0,61,2.57,1655276336
215,beringovskiy,63.05,276.91,69,82,5.31,1655276337
216,roald,62.5833,286.57,75,94,2.57,1655276337
217,marabba,12.35,303.73,100,40,3.57,1655276338
218,zharkent,44.1628,303.73,65,25,1.37,1655276338
219,iqaluit,63.7506,279.0,75,86,0.0,1655276339
220,dikson,73.5069,276.58,8,68,3.87,1655276339
221,dodge city,37.7528,300.76,0,51,3.58,1655276339
222,svetlaya,46.5389,288.96,100,69,7.05,1655276340
223,pasighat,28.0667,296.59,100,99,1.1,1655276341
224,flinders,-34.5833,289.36,1,63,0.45,1655276227
225,acarau,-2.8856,295.81,12,84,4.59,1655276342
226,acapulco,16.8634,299.52,100,84,4.05,1655276342
227,bambous virieux,-20.3428,297.71,40,73,7.2,1655276343
228,gisborne,-38.6533,286.93,0,61,3.71,1655276282
229,mount gambier,-37.8333,286.1,75,94,7.72,1655276344
230,port keats,-14.25,305.13,99,19,4.06,1655276344
231,hirado,33.3597,295.55,96,82,5.07,1655276344
232,kargasok,59.0556,291.92,31,68,6.51,1655276345
233,mahebourg,-20.4081,297.73,40,73,7.2,1655276345
234,paamiut,61.994,275.55,7,62,1.16,1655276346
235,marbella,36.5154,301.07,90,41,0.4,1655276346
236,key west,24.5557,300.93,4,71,4.23,1655276347
237,chipinge,-20.1883,292.41,0,34,3.64,1655276347
238,carolina,18.3808,297.36,56,93,3.42,1655276348
239,pandan,14.0453,304.13,31,64,3.46,1655276348
240,mosquera,4.7059,283.2,20,100,1.03,1655276348
241,eureka,40.8021,285.33,10,85,1.29,1655276349
242,vila franca do campo,37.7167,292.15,20,86,2.42,1655276349
243,kenscoff,18.4506,288.39,91,81,1.31,1655276350
244,charters towers,-20.1,296.18,0,50,3.05,1655276350
245,kirkwall,58.9848,284.24,75,100,3.09,1655276351
246,codrington,-38.2667,286.14,98,88,7.29,1655276351
247,college,64.8569,289.31,98,81,2.75,1655276352
248,san policarpo,12.1791,302.78,97,69,5.27,1655276352
249,linhai,28.85,303.11,100,60,2.81,1655276353
250,tzimol,16.2667,288.86,100,93,2.79,1655276353
251,odweyne,9.4092,299.78,1,44,11.41,1655276354
252,sur,22.5667,308.15,4,47,1.86,1655276354
253,dingle,10.9995,304.51,76,63,3.24,1655276355
254,lagos,6.5833,298.33,100,98,2.44,1655276355
255,barreirinhas,-2.7469,294.62,18,96,1.95,1655276356
256,key largo,25.0865,301.48,8,71,4.44,1655276357
257,constitucion,-35.3333,283.82,48,86,2.13,1655276357
258,kutum,14.2,302.41,100,24,6.22,1655276358
259,sale,34.0389,302.95,75,54,3.6,1655276358
260,soe,-9.8607,296.43,59,73,3.71,1655276358
261,linxia,35.6003,301.92,2,16,5.16,1655276359
262,fort-shevchenko,44.5086,302.24,100,32,7.06,1655276359
263,le vauclin,14.5452,301.95,75,94,1.03,1655276360
264,los llanos de aridane,28.6585,290.01,0,70,3.58,1655276360
265,marawi,7.9986,298.28,47,82,2.11,1655276361
266,alihe,50.5667,296.67,30,40,3.26,1655276361
267,saskylakh,71.9167,286.59,6,34,5.05,1655276361
268,gizo,-8.103,301.88,99,72,1.45,1655276362
269,meulaboh,4.1363,298.27,100,89,2.64,1655276362
270,alta floresta,-9.8756,293.1,7,82,0.68,1655276363
271,rio grande,-32.035,284.72,0,92,3.64,1655276363
272,sakaiminato,35.55,297.14,75,69,10.8,1655276364
273,lata,40.1629,293.75,100,66,0.45,1655276364
274,bolshoye nagatkino,54.5196,294.49,89,68,3.68,1655276365
275,turochak,52.2576,297.92,89,54,1.67,1655276365
276,chiang khong,20.2613,296.47,100,99,0.26,1655276365
277,otane,-39.8833,287.04,0,64,7.33,1655276366
278,verkhoyansk,67.5447,296.03,96,32,6.06,1655276367
279,rantauprapat,2.1,306.82,73,47,1.44,1655276368
280,coaticook,45.1334,286.65,0,97,0.24,1655276368
281,bulawayo,-20.15,289.32,0,38,3.69,1655276368
282,ortakoy,38.7373,290.29,5,55,5.58,1655276369
283,buala,-8.145,300.53,93,80,3.87,1655276369
284,amga,60.8953,287.76,100,90,2.9,1655276370
285,bonavista,48.6499,278.38,100,88,3.59,1655276370
286,bangassou,4.7413,296.67,100,82,0.43,1655276371
287,kollam,8.8833,301.97,99,72,5.31,1655276371
288,gwadar,25.1216,303.06,3,72,5.95,1655276371
289,darnah,32.767,297.93,0,68,7.13,1655276372
290,teupasenti,14.2167,291.54,100,99,1.17,1655276372
291,whitehorse,60.7161,283.58,100,82,4.12,1655276373
292,izberbash,42.5696,302.18,83,56,6.58,1655276373
293,lubango,-14.9172,288.39,0,24,0.95,1655276374
294,pevek,69.7008,275.99,6,75,0.91,1655276375
295,bilma,18.6853,306.41,17,30,1.36,1655276376
296,chokurdakh,70.6333,297.9,19,20,2.94,1655276376
297,lebu,-37.6167,283.53,96,92,1.91,1655276377
298,pacific grove,36.6177,287.23,0,84,1.79,1655276377
299,coquimbo,-29.9533,281.0,0,87,3.09,1655276378
300,boende,-0.2167,299.83,100,71,0.22,1655276378
301,opuwo,-18.0607,287.37,0,30,2.64,1655276379
302,jackson,42.4165,285.45,7,73,0.66,1655276379
303,kulhudhuffushi,6.6221,301.02,100,78,6.4,1655276381
304,vanimo,-2.6741,302.01,83,73,3.96,1655276381
305,puerto ayora,-0.7393,294.57,82,93,1.79,1655276381
306,poya,-21.35,296.82,2,85,1.69,1655276382
307,sechura,-5.5569,289.76,69,82,4.51,1655276382
308,camacha,33.0833,290.83,40,82,6.69,1655276383
309,alofi,-19.0595,296.09,81,94,1.03,1655276383
310,maniitsoq,65.4167,274.98,17,61,2.92,1655276384
311,springfield,37.2153,299.39,16,81,2.68,1655276384
312,price,39.5994,287.1,0,22,2.79,1655276384
313,basco,20.4487,302.57,100,71,1.89,1655276385
314,tirau,-37.9833,286.13,48,92,3.08,1655276385
315,rovaniemi,66.5,289.82,20,67,5.14,1655276387
316,rio gallegos,-51.6226,272.18,0,93,2.06,1655276387
317,razdolnoye,43.55,286.38,100,96,1.79,1655276388
318,tucurui,-3.7661,294.23,41,97,1.07,1655276388
319,goderich,43.7501,294.33,0,46,4.12,1655276389
320,grootfontein,-19.5667,278.91,0,56,1.54,1655276390
321,pilar,-9.5972,295.11,100,96,0.2,1655276390
322,wadena,46.4425,295.01,0,82,2.06,1655276391
323,aripuana,-9.1667,294.18,100,69,0.14,1655276391
324,ostrovnoy,68.0531,288.07,100,61,2.54,1655276392
325,talnakh,69.4865,298.82,89,37,3.02,1655276392
326,etchoropo,26.7667,301.32,3,58,1.16,1655276393
327,babu,24.4167,300.45,100,81,1.28,1655276393
328,vestmannaeyjar,63.4427,282.78,100,80,7.34,1655276394
329,vardo,70.3705,280.14,40,76,4.63,1655276394
330,hasaki,35.7333,293.31,100,87,3.62,1655276395
331,saurimo,-9.6608,294.32,20,35,2.02,1655276395
332,severo-kurilsk,50.6789,281.9,88,90,0.75,1655276396
333,berlevag,70.8578,279.12,75,87,3.09,1655276396
334,aberdeen,57.1437,285.74,100,96,2.06,1655276397
335,trinidad,-14.8333,287.89,0,80,1.2,1655276398
336,khonsa,27.0167,295.25,94,94,1.03,1655276399
337,walvis bay,-22.9575,281.68,0,66,1.54,1655276399
338,bridlington,54.0831,289.55,66,81,2.76,1655276400
339,roebourne,-20.7833,300.37,7,42,6.13,1655276400
340,ayagoz,47.9714,291.61,100,65,11.92,1655276400
341,klaksvik,62.2266,283.66,100,99,5.03,1655276401
342,ucluelet,48.9329,284.87,100,86,1.93,1655276401
343,geraldton,-28.7667,295.38,75,56,2.57,1655276165
344,bengkulu,-3.8004,301.24,44,75,4.31,1655276403
345,guiglo,6.5456,296.0,100,88,2.42,1655276403
346,nicoya,10.1483,295.39,100,98,0.07,1655276404
347,puerto carreno,6.189,294.13,53,96,1.03,1655276130
348,itarema,-2.9248,295.27,13,86,4.12,1655276406
349,bilibino,68.0546,288.05,0,31,6.69,1655276407
350,ixtapa,20.7,300.5,100,83,0.73,1655276408
351,viedma,-40.8135,281.46,2,86,3.31,1655276409
352,pacifica,37.6138,291.63,0,79,3.09,1655276409
353,quesnel,52.9999,281.93,11,63,0.79,1655276411
354,guerrero negro,27.9769,289.84,0,88,5.43,1655276411
355,gushikawa,26.3544,301.15,75,83,5.66,1655276411
356,kenai,60.5544,287.61,79,74,4.57,1655276413
357,tessalit,20.1986,307.04,99,19,8.81,1655276413
358,kidal,18.4411,305.64,6,32,6.18,1655276414
359,zhumadian,32.9794,311.23,0,25,6.2,1655276414
360,onega,63.9061,290.36,100,64,5.01,1655276415
361,raudeberg,61.9875,284.74,100,90,5.04,1655276415
362,poum,-20.2333,298.56,1,78,3.37,1655276416
363,eyl,7.9803,305.28,58,41,12.73,1655276416
364,tarrafal,15.2833,295.79,91,87,6.56,1655276417
365,xinqing,48.2333,295.55,100,56,2.08,1655276418
366,kaeo,-35.1,286.11,3,86,2.63,1655276419
367,chekhov,55.1431,288.12,8,54,5.12,1655276419
368,mana,5.6592,297.21,85,85,3.11,1655276419
369,vao,-22.6667,295.87,96,82,10.67,1655276420
370,alyangula,-13.8483,299.07,100,67,6.01,1655276421
371,tiznit,29.5833,295.64,81,63,0.88,1655276422
372,yazoo city,32.8551,298.54,1,77,2.59,1655276422
373,petropavlovsk-kamchatskiy,53.0452,287.48,20,55,7.0,1655276422
374,atambua,-9.1061,299.89,61,68,1.65,1655276423
375,elliot lake,46.3834,286.99,98,89,3.0,1655276424
376,narva-joesuu,59.4589,284.63,100,93,11.02,1655276424
377,maceio,-9.6658,296.94,99,86,0.83,1655276426
378,katsuura,35.1333,293.16,100,92,4.52,1655276312
379,ahipara,-35.1667,287.11,58,74,4.44,1655276429
380,presidencia roque saenz pena,-26.7852,282.24,0,85,2.71,1655276430
381,port hedland,-20.3167,301.18,19,42,6.17,1655276419
382,cayenne,4.9333,300.42,40,1,0.45,1655276431
383,qabaqcol,41.72,300.01,5,51,2.1,1655276432
384,freetown,8.484,297.99,75,83,3.09,1655276295
385,bongandanga,1.5,299.45,96,68,0.81,1655276432
386,omsukchan,62.5333,286.01,100,49,3.37,1655276433
387,ewo,-0.8725,299.69,36,68,1.83,1655276434
388,providencia,28.7167,300.05,0,67,4.39,1655276434
389,bernalda,40.4128,300.24,3,33,3.9,1655276435
390,balkanabat,39.5108,305.29,0,33,3.12,1655276435
391,usinsk,65.9939,291.36,40,55,6.25,1655276436
392,natitingou,10.3042,296.63,100,87,2.26,1655276436
393,kachug,53.9606,302.2,100,28,0.67,1655276437
394,leninogorsk,54.6026,292.21,100,79,3.33,1655276438
395,lubao,14.9167,305.79,37,56,2.23,1655276439
396,lavrentiya,65.5833,274.88,100,99,2.41,1655276440
397,valle nacional,17.7833,296.1,99,98,0.65,1655276441
398,ketchikan,55.3422,282.92,8,89,0.71,1655276441
399,christchurch,-43.5333,280.88,75,71,2.06,1655276164
400,kruisfontein,-34.0033,283.09,100,73,10.03,1655276443
401,karratha,-20.7377,300.57,5,45,6.35,1655276444
402,imbituba,-28.24,288.07,1,99,4.12,1655276445
403,mogok,22.9167,294.07,100,97,1.01,1655276446
404,caucaia,-3.7361,298.12,40,83,3.6,1655276447
405,lakes entrance,-37.8811,287.21,99,57,3.11,1655276449
406,portland,45.5234,285.71,58,79,0.89,1655276450
407,schattdorf,46.8655,298.37,2,54,0.93,1655276451
408,ust-katav,54.9369,294.52,9,52,2.86,1655276452
409,la sarre,48.8002,287.38,80,78,2.95,1655276453
410,nanpara,27.8667,317.99,10,15,5.86,1655276454
411,batemans bay,-35.7167,286.54,0,59,3.37,1655276454
412,tabas,33.5959,314.45,0,7,3.27,1655276454
413,kristinehamn,59.3098,290.46,37,69,2.14,1655276455
414,norman wells,65.282,279.75,100,95,3.01,1655276456
415,torit,4.4133,298.57,88,73,1.06,1655276457
416,nadvoitsy,63.8667,289.19,100,69,4.43,1655276457
417,andover,51.2083,291.22,16,66,0.86,1655276458
418,lakatoro,-16.0999,299.91,14,80,5.89,1655276458
419,kysyl-syr,63.8986,296.19,100,40,3.08,1655276459
420,kalmunai,7.4167,304.38,100,62,3.89,1655276459
421,hoquiam,46.9809,284.14,0,84,2.06,1655276460
422,bourail,-21.5667,296.47,0,86,1.58,1655276461
423,sokolo,14.7328,304.52,77,41,5.24,1655276462
424,luganville,-15.5333,299.15,41,86,4.86,1655276462
425,borogontsy,62.6683,291.03,99,67,2.06,1655276463
426,gat,31.61,301.7,0,23,2.2,1655276463
427,thunder bay,48.4001,283.82,99,100,2.3,1655276464
428,auki,-8.7676,299.84,72,81,2.46,1655276465
429,pijijiapan,15.7011,296.79,100,94,1.01,1655276466
430,richards bay,-28.783,292.52,100,59,6.8,1655276467
431,obo,5.3998,298.08,100,70,0.75,1655276467
432,isangel,-19.55,297.67,60,84,5.17,1655276467
433,ikom,5.9667,297.69,35,92,0.15,1655276468
434,formosa do rio preto,-11.0483,293.63,37,76,2.06,1655276468
435,hofn,64.2539,282.98,100,66,3.06,1655276470
436,tomatlan,19.9333,299.72,97,72,0.65,1655276470
437,dunedin,-45.8742,280.82,100,67,4.02,1655276418
438,korla,41.7597,311.98,6,5,6.88,1655276471
439,macau,22.2006,304.04,40,84,4.12,1655276234
440,dukat,62.55,284.58,100,57,2.63,1655276472
441,magadi,12.9667,303.57,100,51,4.0,1655276473
442,henties bay,-22.116,287.0,0,63,3.51,1655276475
443,cape canaveral,28.4058,299.27,0,84,2.06,1655276475
444,samba,32.5667,317.05,0,12,4.17,1655276476
445,saint anthony,45.0205,298.93,0,68,2.06,1655276476
446,manono,-7.3,301.02,0,36,1.65,1655276477
447,fort nelson,58.8053,286.48,100,53,2.77,1655276477
448,lamu,-2.2717,300.66,7,68,6.58,1655276477
449,mao,39.8885,296.46,20,88,3.6,1655276478
450,grand gaube,-20.0064,297.8,25,64,6.26,1655276479
451,tiksi,71.6872,278.8,46,76,6.11,1655276479
452,koroni,36.8,300.97,5,56,1.08,1655276480
453,kudahuvadhoo,2.6708,301.62,50,70,2.81,1655276480
454,sakakah,29.9697,305.89,0,17,4.27,1655276481
455,taltal,-25.4,285.76,100,85,1.22,1655276482
456,skjervoy,70.0311,281.15,100,78,3.53,1655276482
457,oranjestad,12.524,299.58,100,87,10.61,1655276484
458,bud,39.447,300.16,0,85,3.33,1655276485
459,bridgetown,13.1,299.53,100,83,7.68,1655276486
460,duluth,46.7833,284.77,78,93,1.54,1655276452
461,san andres sajcabaja,15.2167,290.6,100,99,0.75,1655276487
462,polunochnoye,60.8697,293.88,86,44,3.31,1655276488
463,ouahigouya,13.5828,302.31,96,51,8.97,1655276488
464,tsaratanana,-16.7833,298.76,5,55,4.24,1655276489
465,beira,-19.8436,295.31,0,74,3.65,1655276490
466,gao,16.6362,304.13,82,48,6.89,1655276490
467,normandin,48.8333,284.41,3,94,1.04,1655276491
468,canico,32.6333,291.88,20,82,0.51,1655276492
469,boksitogorsk,59.474,287.37,100,96,3.72,1655276493
470,ust-barguzin,53.45,292.19,61,47,1.41,1655276494
471,porto murtinho,-21.6989,286.44,0,53,1.99,1655276495
472,jawhar,2.7809,302.07,95,59,8.07,1655276496
473,aquiraz,-3.9014,298.2,82,83,4.84,1655276496
474,patrasaer,23.2167,312.51,100,30,4.46,1655276497
475,athabasca,54.7169,284.6,100,94,8.42,1655276497
476,barguzin,53.6167,300.79,89,29,3.41,1655276498
477,sisimiut,66.9395,273.77,94,71,4.85,1655276499
478,smithers,54.7804,281.02,0,87,1.62,1655276499
479,arlit,18.7369,306.47,6,29,5.2,1655276500
480,tamiahua,21.2667,297.88,100,89,3.38,1655276501
481,scunthorpe,53.579,288.98,30,75,1.34,1655276502
482,laguna,38.421,296.31,0,44,1.54,1655276503
483,araouane,18.9048,305.36,14,9,3.91,1655276504
484,fuyang,32.9,311.45,18,20,5.88,1655276504
485,antofagasta,-23.65,285.41,38,85,1.75,1655276505
486,blackwater,-23.5833,292.98,39,62,1.72,1655276506
487,longyearbyen,78.2186,278.06,75,70,6.17,1655276507
488,khandyga,62.6667,290.06,95,61,1.96,1655276507
489,atchison,39.563,300.87,2,71,8.43,1655276508
490,uige,-7.6087,293.78,100,54,1.11,1655276509
491,beinamar,8.6698,300.81,94,61,2.21,1655276509
492,edd,13.9297,308.03,7,42,7.23,1655276510
493,trincomalee,8.5711,306.06,80,59,2.42,1655276511
494,firminy,45.3873,292.43,100,60,1.54,1655276511
495,baruun-urt,46.6806,300.06,99,25,1.14,1655276512
496,guantanamo,20.1444,296.91,4,88,1.53,1655276513
497,okahandja,-21.9833,281.6,0,38,3.47,1655276514
498,sorland,67.667,282.07,100,82,5.54,1655276515
499,anjar,23.1333,308.47,59,45,6.19,1655276515
500,farafangana,-22.8167,294.11,49,84,1.78,1655276516
501,linjiang,41.8069,294.03,100,85,1.68,1655276517
502,saquarema,-22.92,290.15,98,79,1.62,1655276518
503,port lavaca,28.615,302.03,40,87,4.63,1655276518
504,okha,53.5739,283.78,99,86,3.42,1655276337
505,iguatu,-6.3594,294.51,81,77,1.19,1655276519
506,khash,28.2211,309.64,0,10,1.27,1655276520
507,kazan,55.7887,296.49,51,63,4.46,1655276520
508,senanga,-16.1167,292.62,0,38,1.48,1655276521
509,yongan,39.6957,298.89,99,29,2.82,1655276522
510,sulangan,11.1373,303.38,73,63,1.82,1655276523
511,lixourion,38.2019,298.15,0,88,0.0,1655276523
512,sinnamary,5.3833,298.28,29,81,3.41,1655276524
513,troitsko-pechorsk,62.7084,295.29,25,40,2.6,1655276525
514,neuenburg,46.9918,297.9,0,53,0.51,1655276525
515,hashimoto,34.3167,294.64,100,82,0.46,1655276526
516,pedra azul,-16.0053,285.28,100,97,1.16,1655276527
517,villanueva,15.3167,295.39,100,97,1.05,1655276527
518,hulan ergi,47.2042,297.37,100,56,3.23,1655276527
519,ulladulla,-35.35,285.24,0,51,3.93,1655276528
520,pemba,-12.974,297.71,0,73,0.64,1655276528
521,coruripe,-10.1256,296.9,97,86,6.78,1655276529
522,turayf,31.6725,299.59,0,22,1.61,1655276530
523,lieksa,63.3167,286.94,100,84,2.2,1655276530
524,bemidji,47.4736,291.43,0,100,0.0,1655276531
525,khandbari,27.3747,302.24,76,64,2.21,1655276411
526,acari,-15.4311,289.52,78,77,1.23,1655276532
527,placido de castro,-10.3353,291.78,3,77,0.46,1655276534
528,mezen,65.8522,291.78,100,43,3.87,1655276534
529,shamkhal,43.0596,302.14,97,46,6.27,1655276535
530,itoman,26.1247,301.58,75,92,5.66,1655276464
531,praia da vitoria,38.7333,290.79,84,97,2.4,1655276538
532,jennings,38.7192,301.32,0,70,4.12,1655276538
533,hami,42.8,312.54,99,7,2.28,1655276539
534,muros,42.7762,292.61,20,80,0.22,1655276541
535,damara,4.9608,298.33,89,84,0.71,1655276541
536,maromitsa,59.8683,295.15,72,68,4.03,1655276542
537,krasnoborsk,61.5598,295.62,100,57,3.86,1655276542
538,canon city,38.441,293.71,0,30,4.12,1655276543
539,lazaro cardenas,17.9583,299.02,100,82,1.18,1655276543
540,broome,42.2506,289.36,0,84,0.45,1655276544
541,washington,47.5001,281.67,0,69,2.39,1655276545
542,tommot,58.9564,290.86,84,58,3.97,1655276545
543,suhut,38.5311,291.25,10,65,3.17,1655276546
544,markala,13.7021,303.31,100,43,4.99,1655276546
545,sobolevo,54.4299,287.84,57,73,6.69,1655276548
546,sambava,-14.2667,298.37,0,68,4.4,1655276548
547,de-kastri,51.4667,290.05,28,68,3.62,1655276549
548,disraeli,45.9001,282.06,5,98,1.27,1655276550
549,ventosa,39.127,293.84,100,90,0.34,1655276551
550,pakxan,18.3778,300.75,100,80,1.38,1655276552
551,mackenzie,55.2999,282.66,9,59,0.52,1655276553
552,weligama,5.9667,302.23,100,73,6.49,1655276553
553,talara,-4.5772,290.65,27,78,7.21,1655276554
554,mutum,-19.8,286.89,99,85,1.03,1655276555
555,huaihua,27.5494,305.95,100,41,0.66,1655276556
556,bannu,32.9854,316.68,0,11,3.67,1655276557
557,grand-santi,4.25,294.19,40,99,0.97,1655276558
